2
3
5
7
11
13
17
19
23
29
31
37
41
43
47
53
59
61
67
71
73
79
83
89
97
101
103
107
109
113
127
131
137
139
149
151
157
163
167
173
179
181
191
193
197
199
211
223
227
229
233
239
241
251
257
263
269
271
277
281
283
293
307
311
313
317
331
337
347
349
353
359
367
373
379
383
389
397
401
409
419
421
431
433
439
443
449
457
461
463
467
479
487
491
499
503
509
521
523
541
547
557
563
569
571
577
587
593
599
601
607
613
617
619
631
641
643
647
653
659
661
673
677
683
691
701
709
719
727
733
739
743
751
757
761
769
773
787
797
809
811
821
823
827
829
839
853
857
859
863
877
881
883
887
907
911
919
929
937
941
947
953
967
971
977
983
991
997
1009
1013
1019
1021
1031
1033
1039
1049
1051
1061
1063
1069
1087
1091
1093
1097
1103
1109
1117
1123
1129
1151
1153
1163
1171
1181
1187
1193
1201
1213
1217
1223
1229
1231
1237
1249
1259
1277
1279
1283
1289
1291
1297
1301
1303
1307
1319
1321
1327
1361
1367
1373
1381
1399
1409
1423
1427
1429
1433
1439
1447
1451
1453
1459
1471
1481
1483
1487
1489
1493
1499
1511
1523
50021
1531
1543
1549
1553
1559
1567
1571
1579
1583
1597
1601
1607
1609
1613
1619
1621
1627
1637
1657
1663
1667
1669
1693
50023
1697
1699
1709
1721
1723
1733
1741
1747
1753
1759
1777
1783
1787
1789
1801
1811
1823
1831
1847
1861
1867
1871
1873
1877
1879
50033
1889
1901
1907
1913
1931
1933
1949
1951
1973
1979
1987
1993
1997
1999
2003
2011
2017
2027
2029
2039
2053
2063
2069
2081
2083
50047
2087
2089
2099
2111
2113
2129
2131
2137
2141
2143
2153
2161
2179
2203
2207
2213
2221
2237
2239
50051
2243
2251
2267
2269
2273
2281
2287
2293
2297
2309
2311
2333
2339
2341
2347
2351
2357
50053
2371
2377
2381
2383
2389
2393
2399
2411
2417
2423
2437
2441
2447
2459
2467
2473
2477
2503
2521
2531
2539
2543
50069
2549
2551
2557
2579
2591
2593
2609
2617
2621
2633
2647
2657
2659
2663
2671
2677
2683
2687
50077
2689
2693
2699
2707
2711
2713
2719
2729
2731
2741
2749
2753
2767
2777
2789
2791
2797
2801
2803
50087
2819
2833
2837
2843
2851
2857
2861
2879
2887
2897
2903
2909
2917
2927
2939
2953
2957
50093
2963
2969
2971
2999
3001
3011
3019
3023
3037
3041
3049
3061
3067
3079
3083
3089
3109
3119
3121
3137
3163
3167
3169
3181
3187
3191
50101
3203
3209
3217
3221
3229
3251
3253
3257
3259
3271
3299
3301
3307
3313
3319
3323
3329
3331
3343
3347
3359
3361
3371
3373
3389
3391
50111
3407
3413
3433
3449
3457
3461
3463
3467
3469
3491
3499
3511
3517
3527
3529
3533
3539
3541
3547
3557
3559
3571
3581
50119
3583
3593
3607
3613
3617
3623
3631
3637
3643
3659
3671
3673
3677
3691
3697
3701
3709
3719
3727
3733
3739
3761
50123
3767
3769
3779
3793
3797
3803
3821
3823
3833
3847
3851
3853
3863
3877
3881
3889
3907
3911
3917
3919
3923
3929
3931
50129
3943
3947
3967
3989
4001
4003
4007
4013
4019
4021
4027
4049
4051
4057
50131
4073
4079
4091
4093
4099
4111
4127
50147
4129
4133
4139
4153
4157
4159
4177
50153
4201
4211
4217
4219
4229
4231
50159
4241
4243
4253
4259
4261
4271
4273
4283
4289
50177
4297
4327
4337
4339
4349
4357
50207
4363
4373
4391
4397
4409
4421
4423
4441
50221
4447
4451
4457
4463
4481
4483
4493
50227
4507
4513
4517
4519
4523
4547
4549
50231
4561
4567
4583
4591
4597
4603
4621
4637
50261
4639
4643
4649
4651
4657
4663
4673
50263
4679
4691
4703
4721
4723
4729
4733
50273
4751
4759
4783
4787
4789
4793
4799
50287
4801
4813
4817
4831
4861
4871
50291
4877
4889
4903
4909
4919
4931
4933
4937
50311
4943
4951
4957
4967
4969
4973
50321
4987
4993
4999
5003
5009
5011
5021
50329
5023
5039
5051
5059
5077
5081
5087
50333
5099
5101
5107
5113
5119
5147
50341
5153
5167
5171
5179
5189
5197
50359
5209
5227
5231
5233
5237
5261
5273
5279
5281
5297
50363
50377
50383
50387
50411
50417
50423
50441
50459
50461
50497
50503
50513
50527
50539
50543
50549
5303
5309
5323
5333
50551
5347
5351
5381
5387
5393
5399
50581
5407
5413
5417
5419
5431
5437
5441
50587
5443
5449
5471
5477
5479
5483
50591
5501
5503
5507
5519
5521
5527
50593
5531
5557
5563
5569
5573
5581
5591
50599
5623
5639
5641
5647
5651
5653
50627
5657
5659
5669
5683
5689
5693
5701
50647
5711
5717
5737
5741
5743
5749
50651
5779
5783
5791
5801
5807
5813
50671
5821
5827
5839
5843
5849
5851
5857
50683
5861
5867
5869
5879
5881
5897
5903
50707
5923
5927
5939
5953
5981
50723
5987
6007
6011
6029
6037
50741
6043
6047
6053
6067
6073
6079
50753
6089
6091
6101
6113
6121
6131
50767
6133
6143
6151
6163
6173
6197
50773
6199
6203
6211
6217
6221
50777
6229
6247
6257
6263
6269
6271
50789
6277
6287
6299
6301
6311
6317
50821
6323
6329
6337
6343
6353
6359
50833
6361
6367
6373
6379
6389
6397
50839
6421
6427
6449
6451
6469
6473
50849
6481
6491
6521
6529
6547
50857
6551
6553
6563
6569
6571
50867
6577
6581
6599
6607
6619
6637
50873
6653
6659
6661
6673
6679
50891
6689
6691
6701
6703
6709
50893
6719
6733
6737
6761
6763
6779
50909
6781
6791
6793
6803
6823
6827
50923
6829
6833
6841
6857
6863
6869
50929
6871
6883
6899
6907
6911
50951
6917
6947
6949
6959
6961
6967
50957
6971
6977
6983
6991
6997
7001
50969
7013
7019
7027
7039
7043
50971
7057
7069
7079
7103
50989
7109
7121
7127
7129
7151
7159
50993
7177
7187
7193
7207
7211
51001
7213
7219
7229
7237
7243
7247
51031
7253
7283
7297
7307
7309
51043
7321
7331
7333
7349
7351
51047
7369
7393
7411
7417
7433
51059
7451
7457
7459
7477
7481
51061
7487
7489
7499
7507
7517
51071
7523
7529
7537
7541
7547
7549
51109
7559
7561
7573
7577
7583
51131
7589
7591
7603
7607
7621
51133
7639
7643
7649
7669
7673
51137
7681
7687
7691
7699
7703
7717
51151
7723
7727
7741
7753
7757
51157
7759
7789
7793
7817
7823
51169
7829
7841
7853
7867
51193
7873
7877
7879
7883
7901
7907
51197
7919
7927
7933
7937
7949
51199
7951
7963
7993
8009
51203
8011
8017
8039
8053
8059
51217
8069
8081
8087
8089
8093
8101
8111
51229
8117
8123
8147
8161
8167
8171
8179
8191
51239
8209
8219
8221
8231
51241
8233
8237
8243
8263
8269
8273
51257
8287
8291
8293
8297
8311
51263
8317
8329
8353
8363
51283
8369
8377
8387
8389
8419
51287
8423
8429
8431
8443
51307
8447
8461
8467
8501
8513
51329
8521
8527
8537
8539
8543
51341
8563
8573
8581
8597
8599
8609
8623
8627
8629
8641
8647
8663
51343
51347
51349
51361
51383
51407
51413
51419
51421
51427
51431
51437
51439
51449
51461
8669
51473
8677
8681
8689
8693
51479
8699
8707
8713
8719
8731
51481
8737
8741
8747
8753
51487
8761
8779
8783
8803
8807
51503
8819
8821
8831
8837
8839
51511
8849
8861
8863
8867
8887
51517
8893
8923
8929
8933
51521
8941
8951
8963
8969
51539
8971
8999
9001
9007
9011
51551
9013
9029
9041
9043
9049
51563
9059
9067
9091
9103
51577
9109
9127
9133
9137
9151
51581
9157
9161
9173
9181
51593
9187
9199
9203
9209
51599
9221
9227
9239
9241
9257
51607
9277
9281
9283
9293
51613
9311
9319
9323
9337
9341
51631
9343
9349
9371
9377
9391
51637
9397
9403
9413
9419
51647
9421
9431
9433
9437
51659
9439
9461
9463
9467
9473
51673
9479
9491
9497
9511
51679
9521
9533
9539
9547
51683
9551
9587
9601
9613
9619
51691
9623
9629
9631
9643
51713
9649
9661
9677
9679
51719
9689
9697
9719
9721
9733
51721
9739
9743
9749
9767
51749
9769
9781
9787
9791
9803
51767
9811
9817
9829
9833
51769
9839
9851
9857
9859
9871
51787
9883
9887
9901
9907
51797
9923
9929
9931
9941
9949
51803
9967
9973
10007
10009
51817
10037
10039
10061
10067
51827
10069
10079
10091
10093
51829
10099
10103
10111
10133
10139
51839
10141
10151
10159
10163
51853
10169
10177
10181
10193
51859
10211
10223
10243
10247
51869
10253
10259
10267
10271
51871
10273
10289
10301
10303
10313
51893
10321
10331
10333
10337
51899
10343
10357
10369
10391
51907
10399
10427
10429
10433
51913
10453
10457
10459
10463
51929
10477
10487
10499
10501
51941
10513
10529
10531
10559
51949
10567
10589
10597
10601
51971
10607
10613
10627
10631
51973
10639
10651
10657
10663
51977
10667
10687
10691
10709
51991
10711
10723
10729
10733
52009
10739
10753
10771
10781
10789
52021
10799
10831
10837
52027
10847
10853
10859
10861
52051
10867
10883
10889
10891
52057
10903
10909
10937
10939
52067
10949
10957
10973
10979
52069
10987
10993
11003
11027
52081
11047
11057
11059
11069
52103
11071
11083
11087
11093
52121
11113
11117
11119
11131
52127
11149
11159
11161
11171
52147
11173
11177
11197
52153
11213
11239
11243
11251
52163
11257
11261
11273
11279
11287
52177
11299
11311
11317
52181
11321
11329
11351
11353
52183
11369
11383
11393
11399
52189
11411
11423
11437
11443
52201
11447
11467
11471
11483
11489
52223
11491
11497
11503
52237
11519
11527
11549
11551
52249
11579
11587
11593
11597
52253
11617
11621
11633
11657
52259
11677
11681
11689
52267
11699
11701
11717
11719
52289
11731
11743
11777
11779
52291
11783
11789
11801
11807
52301
11813
11821
11827
11831
52313
11833
11839
11863
11867
52321
11887
11897
11903
52361
11909
11923
11927
11933
52363
11939
11941
11953
11959
52369
11969
11971
11981
52379
11987
12007
12011
12037
12041
52387
12043
12049
12071
12073
52391
12097
12101
12107
12109
12113
12119
12143
52433
12149
12157
12161
12163
12197
52453
12203
12211
12227
12239
52457
12241
12251
12253
12263
12269
12277
52489
12281
12289
12301
12323
52501
12329
12343
12347
12373
12377
52511
12379
12391
12401
12409
12413
52517
12421
12433
12437
12451
52529
12457
12473
12479
12487
12491
52541
12497
12503
12511
12517
12527
52543
12539
12541
12547
12553
12569
52553
12577
12583
12589
12601
52561
12611
12613
12619
12637
12641
52567
12647
12653
12659
12671
12689
52571
12697
12703
12713
12721
52579
12739
12743
12757
12763
12781
52583
12791
12799
12809
12821
52609
12823
12829
12841
12853
12889
52627
12893
12899
12907
52631
12911
12917
12919
12923
52639
12941
12953
12959
12967
52667
12973
12979
12983
13001
13003
52673
13007
13009
13033
13037
13043
52691
13049
13063
13093
13099
52697
13103
13109
13121
13127
52709
13147
13151
13159
13163
13171
52711
13177
13183
13187
13217
52721
13219
13229
13241
13249
13259
52727
13267
13291
13297
13309
52733
13313
13327
13331
13337
13339
52747
13367
13381
13397
13399
52757
13411
13417
13421
13441
52769
13451
13457
13463
13469
13477
52783
13487
13499
13513
13523
52807
13537
13553
13567
13577
52813
13591
13597
13613
13619
52817
13627
13633
13649
13669
13679
52837
13681
13687
13691
13693
52859
13697
13709
13711
13721
13723
52861
13729
13751
13757
13759
52879
13763
13781
13789
13799
52883
13807
13829
13831
13841
52889
13859
13873
13877
13879
13883
52901
13901
13903
13907
13913
52903
13921
13931
13933
13963
52919
13967
13997
13999
14009
52937
14011
14029
14033
14051
52951
14057
14071
14081
14083
14087
52957
14107
14143
14149
14153
52963
14159
14173
14177
14197
52967
14207
14221
14243
14249
14251
52973
14281
14293
14303
52981
14321
14323
14327
14341
14347
52999
14369
14387
14389
14401
53003
14407
14411
14419
14423
53017
14431
14437
14447
14449
53047
14461
14479
14489
14503
53051
14519
14533
14537
14543
53069
14549
14551
14557
14561
14563
53077
14591
14593
14621
14627
53087
14629
14633
14639
14653
53089
14657
14669
14683
14699
53093
14713
14717
14723
14731
53101
14737
14741
14747
14753
53113
14759
14767
14771
14779
53117
14783
14797
14813
14821
53129
14827
14831
14843
14851
53147
14867
14869
14879
14887
53149
14891
14897
14923
14929
53161
14939
14947
14951
14957
53171
14969
14983
15013
15017
53173
15031
15053
15061
15073
53189
15077
15083
15091
15101
53197
15107
15121
15131
15137
53201
15139
15149
15161
53231
15173
15187
15193
15199
53233
15217
15227
15233
15241
53239
15259
15263
15269
15271
53267
15277
15287
15289
15299
53269
15307
15313
15319
15329
53279
15331
15349
15359
15361
53281
15373
15377
15383
15391
53299
15401
15413
15427
53309
15439
15443
15451
15461
53323
15467
15473
15493
15497
53327
15511
15527
15541
15551
53353
15559
15569
15581
15583
53359
15601
15607
15619
53377
15629
15641
15643
15647
53381
15649
15661
15667
15671
53401
15679
15683
15727
15731
53407
15733
15737
15739
15749
53411
15761
15767
15773
53419
15787
15791
15797
15803
53437
15809
15817
15823
15859
53441
15877
15881
15887
53453
15889
15901
15907
15913
53479
15919
15923
15937
15959
53503
15971
15973
15991
16001
53507
16007
16033
16057
16061
53527
16063
16067
16069
16073
53549
16087
16091
16097
16103
53551
16111
16127
16139
53569
16141
16183
16187
16189
53591
16193
16217
16223
16229
53593
16231
16249
16253
53597
16267
16273
16301
16319
53609
16333
16339
16349
53611
16361
16363
16369
16381
53617
16411
16417
16421
53623
16427
16433
16447
16451
53629
16453
16477
16481
53633
16487
16493
16519
16529
53639
16547
16553
16561
53653
16567
16573
16603
16607
53657
16619
16631
16633
16649
53681
16651
16657
16661
53693
16673
16691
16693
16699
53699
16703
16729
16741
53717
16747
16759
16763
16787
53719
16811
16823
16829
53731
16831
16843
16871
16879
53759
16883
16889
16901
53773
16903
16921
16927
16931
53777
16937
16943
16963
53783
16979
16981
16987
16993
53791
17011
17021
17027
53813
17029
17033
17041
17047
53819
17053
17077
17093
53831
17099
17107
17117
17123
53849
17137
17159
17167
53857
17183
17189
17191
17203
53861
17207
17209
17231
53881
17239
17257
17291
53887
17293
17299
17317
17321
53891
17327
17333
17341
53897
17351
17359
17377
17383
53899
17387
17389
17393
53917
17401
17417
17419
53923
17431
17443
17449
17467
53927
17471
17477
17483
53939
17489
17491
17497
17509
53951
17519
17539
17551
53959
17569
17573
17579
53987
17581
17597
17599
17609
53993
17623
17627
17657
54001
17659
17669
17681
54011
17683
17707
17713
17729
54013
17737
17747
17749
54037
17761
17783
17789
54049
17791
17807
17827
17837
54059
17839
17851
17863
17881
54083
17891
17903
17909
54091
17911
17921
17923
54101
17929
17939
17957
17959
54121
17971
17977
17981
54133
17987
17989
18013
54139
18041
18043
18047
18049
54151
18059
18061
18077
54163
18089
18097
18119
54167
18121
18127
18131
18133
54181
18143
18149
18169
54193
18181
18191
18199
54217
18211
18217
18223
18229
54251
18233
18251
18253
54269
18257
18269
18287
54277
18289
18301
18307
18311
54287
18313
18329
18341
54293
18353
18367
18371
54311
18379
18397
18401
54319
18413
18427
18433
54323
18439
18443
18451
18457
54331
18461
18481
18493
54347
18503
18517
18521
54361
18523
18539
18541
54367
18553
18583
18587
54371
18593
18617
18637
54377
18661
18671
18679
18691
54401
18701
18713
18719
54403
18731
18743
18749
54409
18757
18773
18787
54413
18793
18797
18803
54419
18839
18859
18869
54421
18899
18911
18913
54437
18917
18919
18947
54443
18959
18973
18979
54449
19001
19009
19013
19031
54469
19037
19051
19069
54493
19073
19079
19081
54497
19087
19121
19139
54499
19141
19157
19163
54503
19181
19183
19207
54517
19211
19213
19219
54521
19231
19237
19249
54539
19259
19267
19273
54541
19289
19301
19309
54547
19319
19333
19373
54559
19379
19381
19387
54563
19391
19403
19417
19421
54577
19423
19427
19429
54581
19433
19441
19447
54583
19457
19463
19469
19471
54601
19477
19483
19489
54617
19501
19507
19531
54623
19541
19543
19553
54629
19559
19571
19577
54631
19583
19597
19603
54647
19609
19661
19681
54667
19687
19697
19699
54673
19709
19717
19727
54679
19739
19751
19753
54709
19759
19763
19777
54713
19793
19801
19813
54721
19819
19841
19843
54727
19853
19861
19867
54751
19889
19891
19913
54767
19919
19927
19937
54773
19949
19961
19963
54779
19973
19979
19991
54787
19993
19997
20011
54799
20021
20023
20029
54829
20047
20051
20063
54833
20071
20089
20101
54851
20107
20113
20117
54869
20123
20129
20143
54877
20147
20149
20161
54881
20173
20177
20183
54907
20201
20219
20231
54917
20233
20249
20261
54919
20269
20287
20297
54941
20323
20327
20333
54949
20341
20347
20353
54959
20357
20359
20369
54973
20389
20393
20399
54979
20407
20411
20431
54983
20441
20443
20477
55001
20479
20483
55009
20507
20509
20521
55021
20533
20543
20549
55049
20551
20563
20593
55051
20599
20611
20627
55057
20639
20641
20663
55061
20681
20693
20707
55073
20717
20719
20731
55079
20743
20747
20749
55103
20753
20759
20771
55109
20773
20789
55117
20807
20809
20849
55127
20857
20873
20879
55147
20887
20897
20899
55163
20903
20921
20929
55171
20939
20947
20959
20963
55201
20981
20983
55207
21001
21011
21013
55213
21017
21019
21023
55217
21031
21059
21061
55219
21067
21089
21101
55229
21107
21121
21139
55243
21143
21149
55249
21157
21163
21169
55259
21179
21187
21191
55291
21193
21211
21221
55313
21227
21247
21269
55331
21277
21283
21313
55333
21317
21319
21323
55337
21341
21347
55339
21377
21379
21383
55343
21391
21397
55351
21401
21407
21419
55373
21433
21467
21481
55381
21487
21491
21493
55399
21499
21503
21517
55411
21521
21523
21529
55439
21557
21559
55441
21563
21569
21577
55457
21587
21589
21599
55469
21601
21611
21613
55487
21617
21647
21649
55501
21661
21673
21683
55511
21701
21713
55529
21727
21737
21739
55541
21751
21757
21767
55547
21773
21787
21799
55579
21803
21817
21821
55589
21839
21841
55603
21851
21859
21863
55609
21871
21881
21893
55619
21911
21929
21937
55621
21943
21961
55631
21977
21991
21997
55633
22003
22013
22027
55639
22031
22037
22039
55661
22051
22063
55663
22067
22073
22079
55667
22091
22093
22109
55673
22111
22123
22129
55681
22133
22147
55691
22153
22157
22159
55697
22171
22189
22193
55711
22229
22247
55717
22259
22271
22273
55721
22277
22279
22283
55733
22291
22303
22307
55763
22343
22349
22367
55787
22369
22381
22391
55793
22397
22409
55799
22433
22441
22447
55807
22453
22469
22481
55813
22483
22501
55817
22511
22531
22541
55819
22543
22549
55823
22567
22571
22573
55829
22613
22619
22621
55837
22637
22639
55843
22643
22651
22669
55849
22679
22691
22697
55871
22699
22709
22717
55889
22721
22727
55897
22739
22741
22751
55901
22769
22777
22783
55903
22787
22807
55921
22811
22817
22853
55927
22859
22861
55931
22871
22877
22901
55933
22907
22921
22937
55949
22943
22961
55967
22963
22973
22993
55987
23003
23011
23017
55997
23021
23027
56003
23029
23039
23041
56009
23053
23057
23059
56039
23063
23071
56041
23081
23087
23099
56053
23117
23131
23143
56081
23159
23167
56087
23173
23189
23197
56093
23201
23203
23209
56099
23227
23251
56101
23269
23279
23291
56113
23293
23297
56123
23311
23321
23327
56131
23333
23339
23357
56149
23369
23371
56167
23399
23417
23431
56171
23447
23459
56179
23473
23497
23509
56197
23531
23537
56207
23539
23549
23557
56209
23561
23563
23567
56237
23581
23593
56239
23599
23603
23609
56249
23623
23627
23629
56263
23633
23663
23669
56267
23671
23677
56269
23687
23689
23719
56299
23741
23743
56311
23747
23753
23761
56333
23767
23773
23789
56359
23801
23813
56369
23819
23827
23831
56377
23833
23857
56383
23869
23873
23879
56393
23887
23893
23899
56401
23909
23911
56417
23917
23929
23957
56431
23971
23977
56437
23981
23993
24001
56443
24007
24019
56453
24023
24029
24043
56467
24049
24061
56473
24071
24077
24083
56477
24091
24097
56479
24103
24107
24109
56489
24113
24121
24133
56501
24137
24151
56503
24169
24179
24181
56509
24197
24203
56519
24223
24229
24239
56527
24247
24251
56531
24281
24317
56533
24329
24337
24359
56543
24371
24373
24379
56569
24391
24407
56591
24413
24419
24421
56597
24439
24443
56599
24469
24473
24481
56611
24499
24509
24517
24527
24533
24547
24551
24571
56629
24593
24611
56633
24623
24631
24659
56659
24671
24677
56663
24683
24691
24697
56671
24709
24733
56681
24749
24763
56687
24767
24781
24793
56701
24799
24809
56711
24821
24841
24847
56713
24851
24859
56731
24877
24889
24907
56737
24917
24919
56747
24923
24943
24953
56767
24967
24971
24977
56773
24979
24989
56779
25013
25031
56783
25033
25037
25057
56807
25073
56809
25087
25097
56813
25111
25117
56821
25121
56827
25127
25147
25153
56843
25163
25169
56857
25171
25183
25189
56873
25219
25229
56891
25237
25243
56893
25247
25253
56897
25261
25301
56909
25303
25307
25309
56911
25321
25339
56921
25343
25349
56923
25357
25367
25373
56929
25391
25409
56941
25411
25423
25439
56951
25447
25453
56957
25457
25463
25469
56963
25471
25523
56983
25537
25541
56989
25561
25577
25579
56993
25583
25589
56999
25601
25603
25609
57037
25621
25633
57041
25639
25643
57047
25657
25667
25673
57059
25679
25693
57073
25703
25717
25733
57077
25741
25747
57089
25759
25763
57097
25771
25793
25799
57107
25801
25819
57119
25841
25847
57131
25849
25867
25873
57139
25889
25903
57143
25913
25919
57149
25931
25933
25939
57163
25943
25951
57173
25969
25981
25997
57179
25999
26003
57191
26017
26021
57193
26029
26041
26053
57203
26083
26099
26107
57221
26111
26113
57223
26119
26141
26153
57241
26161
26171
57251
26177
26183
57259
26189
26203
26209
57269
26227
26237
57271
26249
26251
57283
26261
26263
26267
57287
26293
26297
57301
26309
26317
26321
57329
26339
26347
57331
26357
26371
57347
26387
26393
26399
57349
26407
26417
57367
26423
26431
57373
26437
26449
26459
57383
26479
26489
57389
26497
26501
57397
26513
26539
26557
57413
26561
26573
57427
26591
26597
57457
26627
26633
26641
57467
26647
26669
57487
26681
26683
57493
26687
26693
26699
57503
26701
26711
57527
26713
26717
57529
26723
26729
26731
57557
26737
26759
57559
26777
26783
57571
26801
26813
26821
57587
26833
26839
57593
26849
26861
57601
26863
26879
26881
57637
26891
26893
57641
26903
26921
26927
57649
26947
26951
57653
26953
26959
57667
26981
26987
26993
57679
27011
27017
57689
27031
27043
57697
27059
27061
57709
27067
27073
27077
57713
27091
27103
57719
27107
27109
57727
27127
27143
57731
27179
27191
27197
57737
27211
27239
57751
27241
27253
27259
57773
27271
27277
57781
27281
27283
57787
27299
27329
27337
57791
27361
27367
57793
27397
27407
57803
27409
27427
57809
27431
27437
27449
57829
27457
27479
57839
27481
27487
57847
27509
27527
57853
27529
27539
27541
57859
27551
27581
57881
27583
27611
57899
27617
27631
57901
27647
27653
27673
57917
27689
27691
57923
27697
27701
57943
27733
27737
57947
27739
27743
27749
57973
27751
27763
57977
27767
27773
57991
27779
27791
27793
58013
27799
27803
58027
27809
27817
58031
27823
27827
58043
27847
27851
27883
58049
27893
27901
58057
27917
27919
58061
27941
27943
58067
27947
27953
27961
58073
27967
27983
58099
27997
28001
58109
28019
28027
58111
28031
28051
28057
58129
28069
28081
58147
28087
28097
58151
28099
28109
58153
28111
28123
58169
28151
28163
28181
58171
28183
28201
58189
28211
28219
58193
28229
28277
58199
28279
28283
58207
28289
28297
28307
58211
28309
28319
58217
28349
28351
58229
28387
28393
58231
28403
28409
58237
28411
28429
28433
58243
28439
28447
58271
28463
28477
58309
28493
28499
28513
58313
28517
28537
58321
28541
28547
58337
28549
28559
58363
28571
28573
28579
58367
28591
28597
58369
28603
28607
58379
28619
28621
58391
28627
28631
58393
28643
28649
28657
58403
28661
28663
58411
28669
28687
58417
28697
28703
58427
28711
28723
58439
28729
28751
28753
58441
28759
28771
58451
28789
28793
58453
28807
28813
58477
28817
28837
58481
28843
28859
28867
58511
28871
28879
58537
28901
28909
58543
28921
28927
58549
28933
28949
58567
28961
28979
58573
29009
29017
29021
58579
29023
29027
58601
29033
29059
58603
29063
29077
58613
29101
29123
58631
29129
29131
29137
58657
29147
29153
58661
29167
29173
58679
29179
29191
58687
29201
29207
58693
29209
29221
58699
29231
29243
29251
58711
29269
29287
58727
29297
29303
58733
29311
29327
58741
29333
29339
58757
29347
29363
58763
29383
29387
58771
29389
29399
29401
58787
29411
29423
58789
29429
29437
58831
29443
29453
29473
58889
29483
29501
58897
29527
29531
29537
58901
29567
29569
58907
29573
29581
58909
29587
29599
58913
29611
29629
58921
29633
29641
58937
29663
29669
58943
29671
29683
58963
29717
29723
29741
58967
29753
29759
58979
29761
29789
58991
29803
29819
58997
29833
29837
59009
29851
29863
59011
29867
29873
59021
29879
29881
59023
29917
29921
59029
29927
29947
29959
59051
29983
29989
59053
30011
30013
59063
30029
30047
59069
30059
30071
59077
30089
30091
59083
30097
30103
59093
30109
30113
59107
30119
30133
59113
30137
30139
59119
30161
30169
30181
59123
30187
30197
59141
30203
30211
59149
30223
30241
59159
30253
30259
59167
30269
30271
59183
30293
30307
59197
30313
30319
59207
30323
30341
59209
30347
30367
59219
30389
30391
59221
30403
30427
30431
59233
30449
30467
59239
30469
30491
59243
30493
30497
59263
30509
30517
59273
30529
30539
59281
30553
30557
59333
30559
30577
59341
30593
30631
30637
59351
30643
30649
59357
30661
30671
59359
30677
30689
59369
30697
30703
59377
30707
30713
59387
30727
30757
59393
30763
30773
59399
30781
30803
59407
30809
30817
59417
30829
30839
59419
30841
30851
59441
30853
30859
30869
59443
30871
30881
59447
30893
30911
59453
30931
30937
59467
30941
30949
59471
30971
30977
59473
30983
31013
59497
31019
31033
59509
31039
31051
59513
31063
31069
59539
31079
31081
59557
31091
31121
59561
31123
31139
59567
31147
31151
59581
31153
31159
59611
31177
31181
31183
59617
31189
31193
59621
31219
31223
59627
31231
31237
59629
31247
31249
59651
31253
31259
59659
31267
31271
59663
31277
31307
59669
31319
31321
59671
31327
31333
59693
31337
31357
59699
31379
31387
59707
31391
31393
59723
31397
31469
59729
31477
31481
59743
31489
31511
59747
31513
31517
59753
31531
31541
59771
31543
31547
59779
31567
31573
59791
31583
31601
59797
31607
59809
31627
31643
59833
31649
31657
59863
31663
31667
59879
31687
59887
31699
31721
59921
31723
31727
59929
31729
31741
59951
31751
31769
59957
31771
31793
59971
31799
59981
31817
31847
59999
31849
31859
60013
31873
31883
60017
31891
31907
60029
31957
60037
31963
31973
60041
31981
31991
60077
32003
32009
60083
32027
32029
60089
32051
60091
32057
32059
60101
32063
32069
60103
32077
32083
60107
32089
60127
32099
32117
60133
32119
32141
60139
32143
32159
60149
32173
60161
32183
32189
60167
32191
32203
60169
32213
32233
60209
32237
32251
60217
32257
60223
32261
32297
60251
32299
32303
60257
32309
32321
60259
32323
32327
60271
32341
60289
32353
32359
60293
32363
32369
60317
32371
32377
60331
32381
32401
60337
32411
32413
60343
32423
60353
32429
32441
60373
32443
32467
60383
32479
32491
60397
32497
60413
32503
32507
60427
32531
32533
60443
32537
32561
60449
32563
32569
60457
32573
32579
60493
32587
32603
60497
32609
60509
32611
32621
60521
32633
32647
60527
32653
60539
32687
32693
60589
32707
32713
60601
32717
32719
60607
32749
32771
60611
32779
32783
60617
32789
60623
32797
32801
60631
32803
32831
60637
32833
32839
60647
32843
60649
32869
32887
60659
32909
32911
60661
32917
32933
60679
32939
60689
32941
32957
60703
32969
32971
60719
32983
32987
60727
32993
32999
60733
33013
60737
33023
33029
60757
33037
33049
60761
33053
33071
60763
33073
60773
33083
33091
60779
33107
33113
60793
33119
33149
60811
33151
33161
60821
33179
60859
33181
33191
60869
33199
33203
60887
33211
33223
60889
33247
33287
60899
33289
60901
33301
33311
60913
33317
33329
60917
33331
60919
33343
33347
60923
33349
33353
60937
33359
33377
60943
33391
60953
33403
33409
60961
33413
33427
61001
33457
33461
61007
33469
61027
33479
33487
61031
33493
33503
61043
33521
33529
61051
33533
33547
61057
33563
61091
33569
33577
61099
33581
33587
61121
33589
33599
61129
33601
61141
33613
33617
61151
33619
33623
61153
33629
33637
61169
33641
33647
61211
33679
61223
33703
33713
61231
33721
33739
61253
33749
61261
33751
33757
61283
33767
33769
61291
33773
33791
61297
33797
33809
61331
33811
61333
33827
33829
61339
33851
33857
61343
33863
33871
61357
33889
61363
33893
33911
61379
33923
33931
61381
33937
33941
61403
33961
61409
33967
33997
61417
34019
34031
61441
34033
34039
61463
34057
61469
34061
34123
61471
34127
34129
61483
34141
61487
34147
34157
61493
34159
34171
61507
34183
61511
34211
34213
61519
34217
34231
61543
34253
61547
34259
34261
61553
34267
34273
61559
34283
34297
61561
34301
34303
61583
34313
61603
34319
34327
61609
34337
34351
61613
34361
34367
61627
34369
61631
34381
34403
61637
34421
34429
61643
34439
34457
61651
34469
61657
34471
34483
61667
34487
34499
61673
34501
34511
61681
34513
61687
34519
34537
61703
34543
34549
61717
34583
61723
34589
34591
61729
34603
34607
61751
34613
61757
34631
34649
61781
34651
34667
61813
34673
34679
61819
34687
34693
61837
34703
61843
34721
34729
61861
34739
34747
61871
34757
61879
34759
34763
61909
34781
34807
61927
34819
34841
61933
34843
61949
34847
34849
61961
34871
34877
61967
34883
61979
34897
34913
61981
34919
34939
61987
34949
34961
61991
34963
62003
34981
35023
62011
35027
35051
62017
35053
62039
35059
35069
62047
35081
35083
62053
35089
62057
35099
35107
62071
35111
35117
62081
35129
35141
62099
35149
35153
62119
35159
62129
35171
35201
62131
35221
62137
35227
35251
62141
35257
35267
62143
35279
35281
62171
35291
62189
35311
35317
62191
35323
35327
62201
35339
35353
62207
35363
62213
35381
62219
35393
35401
62233
35407
35419
62273
35423
35437
62297
35447
62299
35449
35461
62303
35491
35507
62311
35509
62323
35521
35527
62327
35531
35533
62347
35537
62351
35543
35569
62383
35573
35591
62401
35593
35597
62417
35603
62423
35617
35671
62459
35677
35729
62467
35731
62473
35747
35753
62477
35759
35771
62483
35797
62497
35801
35803
62501
35809
35831
62507
35837
62533
35839
35851
62539
35863
35869
62549
35879
62563
35897
35899
62581
35911
35923
62591
35933
62597
35951
35963
62603
35969
35977
62617
35983
62627
35993
35999
62633
36007
36011
62639
36013
36017
62653
36037
62659
36061
36067
62683
36073
36083
62687
36097
62701
36107
36109
62723
36131
36137
62731
36151
62743
36161
36187
62753
36191
36209
62761
36217
36229
62773
36241
62791
36251
36263
62801
36269
36277
62819
36293
62827
36299
36307
62851
36313
36319
62861
36341
62869
36343
36353
62873
36373
36383
62897
36389
62903
36433
36451
62921
36457
36467
62927
36469
62929
36473
36479
62939
36493
36497
62969
36523
62971
36527
36529
62981
36541
36551
62983
36559
62987
36563
36571
62989
36583
36587
63029
36599
63031
36607
36629
63059
36637
36643
63067
36653
63073
36671
36677
63079
36683
36691
63097
36697
63103
36709
36713
63113
36721
36739
63127
36749
63131
36761
36767
63149
36779
36781
63179
36787
36791
63197
36793
63199
36809
36821
63211
36833
63241
36847
36857
63247
36871
36877
63277
36887
63281
36899
36901
63299
36913
36919
63311
36923
63313
36929
36931
63317
36943
36947
63331
36973
63337
36979
36997
63347
37003
37013
63353
37019
37021
63361
37039
63367
37049
37057
63377
37061
37087
63389
37097
63391
37117
37123
63397
37139
37159
63409
37171
63419
37181
37189
63421
37199
37201
63439
37217
63443
37223
37243
63463
37253
63467
37273
37277
63473
37307
37309
63487
37313
37321
63493
37337
63499
37339
37357
63521
37361
63527
37363
37369
63533
37379
37397
63541
37409
63559
37423
37441
63577
37447
37463
63587
37483
63589
37489
37493
63599
37501
63601
37507
37511
63607
37517
37529
63611
37537
63617
37547
37549
63629
37561
37567
63647
37571
37573
63649
37579
63659
37589
37591
63667
37607
63671
37619
37633
63689
37643
37649
63691
37657
63697
37663
37691
63703
37693
37699
63709
37717
63719
37747
37781
63727
37783
37799
63737
37811
63743
37813
37831
63761
37847
63773
37853
37861
63781
37871
37879
63793
37889
37897
63799
37907
63803
37951
37957
63809
37963
37967
63823
37987
63839
37991
37993
63841
37997
63853
38011
38039
63857
38047
38053
63863
38069
63901
38083
38113
63907
38119
63913
38149
38153
63929
38167
38177
63949
38183
63977
38189
38197
63997
38201
38219
64007
38231
64013
38237
38239
64019
38261
64033
38273
38281
64037
38287
38299
64063
38303
64067
38317
38321
64081
38327
38329
64091
38333
64109
38351
38371
64123
38377
64151
38393
38431
64153
38447
64157
38449
38453
64171
38459
38461
64187
38501
64189
38543
38557
64217
38561
38567
64223
38569
64231
38593
38603
64237
38609
64271
38611
38629
64279
38639
38651
64283
38653
64301
38669
38671
64303
38677
38693
64319
38699
64327
38707
38711
64333
38713
38723
64373
38729
64381
38737
38747
64399
38749
64403
38767
38783
64433
38791
38803
64439
38821
38833
64451
38839
64453
38851
38861
64483
38867
64489
38873
38891
64499
38903
38917
64513
38921
64553
38923
38933
64567
38953
38959
64577
38971
64579
38977
38993
64591
39019
39023
64601
39041
64609
39043
39047
64613
39079
64621
39089
39097
64627
39103
64633
39107
39113
64661
39119
39133
64663
39139
64667
39157
39161
64679
39163
64693
39181
39191
64709
39199
39209
64717
39217
64747
39227
39229
64763
39233
39239
64781
39241
64783
39251
39293
64793
39301
64811
39313
39317
64817
39323
39341
64849
39343
64853
39359
39367
64871
39371
39373
64877
39383
64879
39397
39409
64891
39419
64901
39439
39443
64919
39451
39461
64921
39499
64927
39503
39509
64937
39511
64951
39521
39541
64969
39551
39563
64997
39569
65003
39581
39607
65011
39619
39623
65027
39631
65029
39659
39667
65033
39671
65053
39679
39703
65063
39709
39719
65071
39727
65089
39733
39749
65099
39761
65101
39769
39779
65111
39791
65119
39799
39821
65123
39827
39829
65129
39839
65141
39841
39847
65147
39857
65167
39863
39869
65171
39877
65173
39883
39887
65179
39901
39929
65183
39937
65203
39953
39971
65213
39979
65239
39983
39989
65257
40009
40013
65267
40031
65269
40037
40039
65287
40063
65293
40087
40093
65309
40099
40111
65323
40123
65327
40127
40129
65353
40151
65357
40153
40163
65371
40169
65381
40177
40189
65393
40193
40213
65407
40231
65413
40237
40241
65419
40253
65423
40277
40283
65437
40289
65447
40343
40351
65449
40357
40361
65479
40387
65497
40423
40427
65519
40429
65521
40433
40459
65537
40471
40483
65539
40487
65543
40493
40499
65551
40507
65557
40519
40529
65563
40531
40543
65579
40559
65581
40577
40583
65587
40591
65599
40597
40609
65609
40627
65617
40637
40639
65629
40693
65633
40697
40699
65647
40709
40739
65651
40751
65657
40759
40763
65677
40771
65687
40787
40801
65699
40813
65701
40819
40823
65707
40829
40841
65713
40847
65717
40849
40853
65719
40867
65729
40879
40883
65731
40897
65761
40903
40927
65777
40933
40939
65789
40949
65809
40961
40973
65827
40993
65831
41011
41017
65837
41023
65839
41039
41047
65843
41051
65851
41057
41077
65867
41081
65881
41113
41117
65899
41131
41141
65921
41143
65927
41149
41161
65929
41177
65951
41179
41183
65957
41189
65963
41201
41203
65981
41213
41221
65983
41227
65993
41231
41233
66029
41243
41257
66037
41263
66041
41269
41281
66047
41299
66067
41333
41341
66071
41351
66083
41357
41381
66089
41387
66103
41389
41399
66107
41411
41413
66109
41443
66137
41453
41467
66161
41479
66169
41491
41507
66173
41513
66179
41519
41521
66191
41539
66221
41543
41549
66239
41579
66271
41593
41597
66293
41603
41609
66301
41611
66337
41617
41621
66343
41627
66347
41641
41647
66359
41651
41659
66361
41669
66373
41681
41687
66377
41719
66383
41729
41737
66403
41759
66413
41761
41771
66431
41777
66449
41801
41809
66457
41813
66463
41843
41849
66467
41851
41863
66491
41879
66499
41887
41893
66509
41897
66523
41903
41911
66529
41927
66533
41941
41947
66541
41953
41957
66553
41959
66569
41969
41981
66571
41983
66587
41999
42013
66593
42017
42019
66601
42023
66617
42043
42061
66629
42071
66643
42073
42083
66653
42089
66683
42101
42131
66697
42139
66701
42157
42169
66713
42179
42181
66721
42187
66733
42193
42197
66739
42209
66749
42221
42223
66751
42227
66763
42239
42257
66791
42281
66797
42283
42293
66809
42299
66821
42307
42323
66841
42331
66851
42337
42349
66853
42359
42373
66863
42379
66877
42391
42397
66883
42403
66889
42407
42409
66919
42433
66923
42437
42443
66931
42451
66943
42457
42461
66947
42463
42467
66949
42473
66959
42487
42491
66973
42499
66977
42509
42533
67003
42557
67021
42569
42571
67033
42577
67043
42589
42611
67049
42641
67057
42643
42649
67061
42667
67073
42677
42683
67079
42689
42697
67103
42701
67121
42703
42709
67129
42719
42727
67139
42737
67141
42743
42751
67153
42767
67157
42773
42787
67169
42793
67181
42797
42821
67187
42829
67189
42839
42841
67211
42853
67213
42859
42863
67217
42899
67219
42901
42923
67231
42929
67247
42937
42943
67261
42953
67271
42961
42967
67273
42979
42989
67289
43003
67307
43013
43019
67339
43037
67343
43049
43051
67349
43063
67369
43067
43093
67391
43103
67399
43117
43133
67409
43151
67411
43159
43177
67421
43189
67427
43201
43207
67429
43223
67433
43237
43261
67447
43271
67453
43283
43291
67477
43313
67481
43319
43321
67489
43331
67493
43391
43397
67499
43399
67511
43403
43411
67523
43427
67531
43441
43451
67537
43457
67547
43481
43487
67559
43499
67567
43517
43541
67577
43543
67579
43573
43577
67589
43579
67601
43591
43597
67607
43607
67619
43609
43613
67631
43627
67651
43633
43649
67679
43651
43661
67699
43669
67709
43691
43711
67723
43717
67733
43721
67741
43753
43759
67751
43777
67757
43781
43783
67759
43787
43789
67763
43793
67777
43801
43853
67783
43867
67789
43889
67801
43891
43913
67807
43933
67819
43943
43951
67829
43961
67843
43963
43969
67853
43973
67867
43987
43991
67883
43997
44017
67891
44021
67901
44027
44029
67927
44041
67931
44053
44059
67933
44071
67939
44087
44089
67943
44101
67957
44111
44119
67961
44123
67967
44129
44131
67979
44159
67987
44171
44179
67993
44189
68023
44201
44203
68041
44207
68053
44221
44249
68059
44257
68071
44263
44267
68087
44269
68099
44273
44279
68111
44281
44293
68113
44351
68141
44357
68147
44371
44381
68161
44383
68171
44389
44417
68207
44449
68209
44453
68213
44483
44491
68219
44497
68227
44501
44507
68239
44519
68261
44531
44533
68279
44537
68281
44543
68311
44549
44563
68329
44579
68351
44587
44617
68371
44621
68389
44623
44633
68399
44641
68437
44647
44651
68443
44657
68447
44683
68449
44687
44699
68473
44701
68477
44711
44729
68483
44741
68489
44753
68491
44771
44773
68501
44777
68507
44789
44797
68521
44809
68531
44819
68539
44839
44843
68543
44851
68567
44867
68581
44879
44887
68597
44893
68611
44909
44917
68633
44927
68639
44939
44953
68659
44959
68669
44963
44971
68683
44983
68687
44987
68699
45007
45013
68711
45053
68713
45061
45077
68729
45083
68737
45119
68743
45121
45127
68749
45131
68767
45137
45139
68771
45161
68777
45179
68791
45181
45191
68813
45197
68819
45233
45247
68821
45259
68863
45263
68879
45281
45289
68881
45293
68891
45307
45317
68897
45319
68899
45329
68903
45337
45341
68909
45343
68917
45361
45377
68927
45389
68947
45403
68963
45413
45427
68993
45433
69001
45439
45481
69011
45491
69019
45497
69029
45503
45523
69031
45533
69061
45541
45553
69067
45557
69073
45569
45587
69109
45589
69119
45599
69127
45613
45631
69143
45641
69149
45659
45667
69151
45673
69163
45677
45691
69191
45697
69193
45707
69197
45737
45751
69203
45757
69221
45763
45767
69233
45779
69239
45817
69247
45821
45823
69257
45827
69259
45833
45841
69263
45853
69313
45863
69317
45869
45887
69337
45893
69341
45943
69371
45949
69379
45953
45959
69383
45971
69389
45979
45989
69401
46021
69403
46027
69427
46049
46051
69431
46061
69439
46073
46091
69457
46093
69463
46099
69467
46103
46133
69473
46141
69481
46147
46153
69491
46171
69493
46181
69497
46183
46187
69499
46199
69539
46219
46229
69557
46237
69593
46261
69623
46271
46273
69653
46279
69661
46301
46307
69677
46309
69691
46327
69697
46337
46349
69709
46351
69737
46381
46399
69739
46411
69761
46439
46441
69763
46447
69767
46451
69779
46457
46471
69809
46477
69821
46489
46499
69827
46507
69829
46511
69833
46523
46549
69847
46559
69857
46567
46573
69859
46589
69877
46591
69899
46601
46619
69911
46633
69929
46639
46643
69931
46649
69941
46663
69959
46679
46681
69991
46687
69997
46691
46703
70001
46723
70003
46727
70009
46747
46751
70019
46757
70039
46769
46771
70051
46807
70061
46811
70067
46817
46819
70079
46829
70099
46831
70111
46853
46861
70117
46867
70121
46877
46889
70123
46901
70139
46919
70141
46933
46957
70157
46993
70163
46997
70177
47017
47041
70181
47051
70183
47057
47059
70199
47087
70201
47093
70207
47111
47119
70223
47123
70229
47129
47137
70237
47143
70241
47147
70249
47149
47161
70271
47189
70289
47207
47221
70297
47237
70309
47251
70313
47269
47279
70321
47287
70327
47293
70351
47297
47303
70373
47309
70379
47317
47339
70381
47351
70393
47353
70423
47363
47381
70429
47387
70439
47389
47407
70451
47417
70457
47419
70459
47431
47441
70481
47459
70487
47491
70489
47497
47501
70501
47507
70507
47513
47521
70529
47527
70537
47533
70549
47543
47563
70571
47569
70573
47581
70583
47591
47599
70589
47609
70607
47623
47629
70619
47639
70621
47653
70627
47657
47659
70639
47681
70657
47699
70663
47701
47711
70667
47713
70687
47717
47737
70709
47741
70717
47743
70729
47777
47779
70753
47791
70769
47797
47807
70783
47809
70793
47819
47837
70823
47843
70841
47857
70843
47869
47881
70849
47903
70853
47911
70867
47917
47933
70877
47939
70879
47947
47951
70891
47963
70901
47969
70913
47977
47981
70919
48017
70921
48023
70937
48029
48049
70949
48073
70951
48079
70957
48091
48109
70969
48119
70979
48121
70981
48131
48157
70991
48163
70997
48179
70999
48187
48193
71011
48197
71023
48221
48239
71039
48247
71059
48259
71069
48271
48281
71081
48299
71089
48311
71119
48313
48337
71129
48341
71143
48353
48371
71147
48383
71153
48397
71161
48407
48409
71167
48413
71171
48437
71191
48449
48463
71209
48473
71233
48479
48481
71237
48487
71249
48491
71257
48497
48523
71261
48527
71263
48533
48539
71287
48541
71293
48563
71317
48571
48589
71327
48593
71329
48611
71333
48619
48623
71339
48647
71341
48649
71347
48661
48673
71353
48677
71359
48679
71363
48731
48733
71387
48751
71389
48757
48761
71399
48767
71411
48779
71413
48781
48787
71419
48799
71429
48809
71437
48817
48821
71443
48823
71453
48847
71471
48857
48859
71473
48869
71479
48871
48883
71483
48889
71503
48907
71527
48947
48953
71537
48973
71549
48989
71551
48991
49003
71563
49009
71569
49019
71593
49031
49033
71597
49037
71633
49043
49057
71647
49069
71663
49081
71671
49103
49109
71693
49117
71699
49121
71707
49123
49139
71711
49157
71713
49169
49171
71719
49177
71741
49193
71761
49199
49201
71777
49207
71789
49211
71807
49223
49253
71809
49261
71821
49277
49279
71837
49297
71843
49307
71849
49331
49333
71861
49339
71867
49363
71879
49367
49369
71881
49391
71887
49393
71899
49409
49411
71909
49417
71917
49429
71933
49433
49451
71941
49459
71947
49463
71963
49477
49481
71971
49499
71983
49523
71987
49529
49531
71993
49537
71999
49547
49549
72019
49559
72031
49597
72043
49603
49613
72047
49627
72053
49633
72073
49639
49663
72077
49667
72089
49669
72091
49681
49697
72101
49711
72103
49727
72109
49739
49741
72139
49747
72161
49757
72167
49783
49787
72169
49789
72173
49801
49807
72211
49811
72221
49823
72223
49831
49843
72227
49853
72229
49871
72251
49877
49891
72253
49919
72269
49921
72271
49927
49937
72277
49939
72287
49943
49957
72307
49991
72313
49993
72337
49999
72341
72353
72367
72379
72383
72421
72431
72461
72467
72469
72481
72493
72497
72503
72533
72547
72551
72559
72577
72613
72617
72623
72643
72647
72649
72661
72671
72673
72679
72689
72701
72707
72719
72727
72733
72739
72763
72767
72797
72817
72823
72859
72869
72871
72883
72889
72893
72901
72907
72911
72923
72931
72937
72949
72953
72959
72973
72977
72997
73009
73013
73019
73037
73039
73043
73061
73063
73079
73091
73121
73127
73133
73141
73181
73189
73237
73243
73259
73277
73291
73303
73309
73327
73331
73351
73361
73363
73369
73379
73387
73417
73421
73433
73453
73459
73471
73477
73483
73517
73523
73529
73547
73553
73561
73571
73583
73589
73597
73607
73609
73613
73637
73643
73651
73673
73679
73681
73693
73699
73709
73721
73727
73751
73757
73771
73783
73819
73823
73847
73849
73859
73867
73877
73883
73897
73907
73939
73943
73951
73961
73973
73999
74017
74021
74027
74047
74051
74071
74077
74093
74099
74101
74131
74143
74149
74159
74161
74167
74177
74189
74197
74201
74203
74209
74219
74231
74257
74279
74287
74293
74297
74311
74317
74323
74353
74357
74363
74377
74381
74383
74411
74413
74419
74441
74449
74453
74471
74489
74507
74509
74521
74527
74531
74551
74561
74567
74573
74587
74597
74609
74611
74623
74653
74687
74699
74707
74713
74717
74719
74729
74731
74747
74759
74761
74771
74779
74797
74821
74827
74831
74843
74857
74861
74869
74873
74887
74891
74897
74903
74923
74929
74933
74941
74959
75011
75013
75017
75029
75037
75041
75079
75083
75109
75133
75149
75161
75167
75169
75181
75193
75209
75211
75217
75223
75227
75239
75253
75269
75277
75289
75307
75323
75329
75337
75347
75353
75367
75377
75389
75391
75401
75403
75407
75431
75437
75479
75503
75511
75521
75527
75533
75539
75541
75553
75557
75571
75577
75583
75611
75617
75619
75629
75641
75653
75659
75679
75683
75689
75703
75707
75709
75721
75731
75743
75767
75773
75781
75787
75793
75797
75821
75833
75853
75869
75883
75913
75931
75937
75941
75967
75979
75983
75989
75991
75997
76001
76003
76031
76039
76079
76081
76091
76099
76103
76123
76129
76147
76157
76159
76163
76207
76213
76231
76243
76249
76253
76259
76261
76283
76289
76303
76333
76343
76367
76369
76379
76387
76403
76421
76423
76441
76463
76471
76481
76487
76493
76507
76511
76519
76537
76541
76543
76561
76579
76597
76603
76607
76631
76649
76651
76667
76673
76679
76697
76717
76733
76753
76757
76771
76777
76781
76801
76819
76829
76831
76837
76847
76871
76873
76883
76907
76913
76919
76943
76949
76961
76963
76991
77003
77017
77023
77029
77041
77047
77069
77081
77093
77101
77137
77141
77153
77167
77171
77191
77201
77213
77237
77239
77243
77249
77261
77263
77267
77269
77279
77291
77317
77323
77339
77347
77351
77359
77369
77377
77383
77417
77419
77431
77447
77471
77477
77479
77489
77491
77509
77513
77521
77527
77543
77549
77551
77557
77563
77569
77573
77587
77591
77611
77617
77621
77641
77647
77659
77681
77687
77689
77699
77711
77713
77719
77723
77731
77743
77747
77761
77773
77783
77797
77801
77813
77839
77849
77863
77867
77893
77899
77929
77933
77951
77969
77977
77983
77999
78007
78017
78031
78041
78049
78059
78079
78101
78121
78137
78139
78157
78163
78167
78173
78179
78191
78193
78203
78229
78233
78241
78259
78277
78283
78301
78307
78311
78317
78341
78347
78367
78401
78427
78437
78439
78467
78479
78487
78497
78509
78511
78517
78539
78541
78553
78569
78571
78577
78583
78593
78607
78623
78643
78649
78653
78691
78697
78707
78713
78721
78737
78779
78781
78787
78791
78797
78803
78809
78823
78839
78853
78857
78877
78887
78889
78893
78901
78919
78929
78941
78977
78979
78989
79031
79039
79043
79063
79087
79103
79111
79133
79139
79147
79151
79153
79159
79181
79187
79193
79201
79229
79231
79241
79259
79273
79279
79283
79301
79309
79319
79333
79337
79349
79357
79367
79379
79393
79397
79399
79411
79423
79427
79433
79451
79481
79493
79531
79537
79549
79559
79561
79579
79589
79601
79609
79613
79621
79627
79631
79633
79657
79669
79687
79691
79693
79697
79699
79757
79769
79777
79801
79811
79813
79817
79823
79829
79841
79843
79847
79861
79867
79873
79889
79901
79903
79907
79939
79943
79967
79973
79979
79987
79997
79999
80021
80039
80051
80071
80077
80107
80111
80141
80147
80149
80153
80167
80173
80177
80191
80207
80209
80221
80231
80233
80239
80251
80263
80273
80279
80287
80309
80317
80329
80341
80347
80363
80369
80387
80407
80429
80447
80449
80471
80473
80489
80491
80513
80527
80537
80557
80567
80599
80603
80611
80621
80627
80629
80651
80657
80669
80671
80677
80681
80683
80687
80701
80713
80737
80747
80749
80761
80777
80779
80783
80789
80803
80809
80819
80831
80833
80849
80863
80897
80909
80911
80917
80923
80929
80933
80953
80963
80989
81001
81013
81017
81019
81023
81031
81041
81043
81047
81049
81071
81077
81083
81097
81101
81119
81131
81157
81163
81173
81181
81197
81199
81203
81223
81233
81239
81281
81283
81293
81299
81307
81331
81343
81349
81353
81359
81371
81373
81401
81409
81421
81439
81457
81463
81509
81517
81527
81533
81547
81551
81553
81559
81563
81569
81611
81619
81629
81637
81647
81649
81667
81671
81677
81689
81701
81703
81707
81727
81737
81749
81761
81769
81773
81799
81817
81839
81847
81853
81869
81883
81899
81901
81919
81929
81931
81937
81943
81953
81967
81971
81973
82003
82007
82009
82013
82021
82031
82037
82039
82051
82067
82073
82129
82139
82141
82153
82163
82171
82183
82189
82193
82207
82217
82219
82223
82231
82237
82241
82261
82267
82279
82301
82307
82339
82349
82351
82361
82373
82387
82393
82421
82457
82463
82469
82471
82483
82487
82493
82499
82507
82529
82531
82549
82559
82561
82567
82571
82591
82601
82609
82613
82619
82633
82651
82657
82699
82721
82723
82727
82729
82757
82759
82763
82781
82787
82793
82799
82811
82813
82837
82847
82883
82889
82891
82903
82913
82939
82963
82981
82997
83003
83009
83023
83047
83059
83063
83071
83077
83089
83093
83101
83117
83137
83177
83203
83207
83219
83221
83227
83231
83233
83243
83257
83267
83269
83273
83299
83311
83339
83341
83357
83383
83389
83399
83401
83407
83417
83423
83431
83437
83443
83449
83459
83471
83477
83497
83537
83557
83561
83563
83579
83591
83597
83609
83617
83621
83639
83641
83653
83663
83689
83701
83717
83719
83737
83761
83773
83777
83791
83813
83833
83843
83857
83869
83873
83891
83903
83911
83921
83933
83939
83969
83983
83987
84011
84017
84047
84053
84059
84061
84067
84089
84121
84127
84131
84137
84143
84163
84179
84181
84191
84199
84211
84221
84223
84229
84239
84247
84263
84299
84307
84313
84317
84319
84347
84349
84377
84389
84391
84401
84407
84421
84431
84437
84443
84449
84457
84463
84467
84481
84499
84503
84509
84521
84523
84533
84551
84559
84589
84629
84631
84649
84653
84659
84673
84691
84697
84701
84713
84719
84731
84737
84751
84761
84787
84793
84809
84811
84827
84857
84859
84869
84871
84913
84919
84947
84961
84967
84977
84979
84991
85009
85021
85027
85037
85049
85061
85081
85087
85091
85093
85103
85109
85121
85133
85147
85159
85193
85199
85201
85213
85223
85229
85237
85243
85247
85259
85297
85303
85313
85331
85333
85361
85363
85369
85381
85411
85427
85429
85439
85447
85451
85453
85469
85487
85513
85517
85523
85531
85549
85571
85577
85597
85601
85607
85619
85621
85627
85639
85643
85661
85667
85669
85691
85703
85711
85717
85733
85751
85781
85793
85817
85819
85829
85831
85837
85843
85847
85853
85889
85903
85909
85931
85933
85991
85999
86011
86017
86027
86029
86069
86077
86083
86111
86113
86117
86131
86137
86143
86161
86171
86179
86183
86197
86201
86209
86239
86243
86249
86257
86263
86269
86287
86291
86293
86297
86311
86323
86341
86351
86353
86357
86369
86371
86381
86389
86399
86413
86423
86441
86453
86461
86467
86477
86491
86501
86509
86531
86533
86539
86561
86573
86579
86587
86599
86627
86629
86677
86689
86693
86711
86719
86729
86743
86753
86767
86771
86783
86813
86837
86843
86851
86857
86861
86869
86923
86927
86929
86939
86951
86959
86969
86981
86993
87011
87013
87037
87041
87049
87071
87083
87103
87107
87119
87121
87133
87149
87151
87179
87181
87187
87211
87221
87223
87251
87253
87257
87277
87281
87293
87299
87313
87317
87323
87337
87359
87383
87403
87407
87421
87427
87433
87443
87473
87481
87491
87509
87511
87517
87523
87539
87541
87547
87553
87557
87559
87583
87587
87589
87613
87623
87629
87631
87641
87643
87649
87671
87679
87683
87691
87697
87701
87719
87721
87739
87743
87751
87767
87793
87797
87803
87811
87833
87853
87869
87877
87881
87887
87911
87917
87931
87943
87959
87961
87973
87977
87991
88001
88003
88007
88019
88037
88069
88079
88093
88117
88129
88169
88177
88211
88223
88237
88241
88259
88261
88289
88301
88321
88327
88337
88339
88379
88397
88411
88423
88427
88463
88469
88471
88493
88499
88513
88523
88547
88589
88591
88607
88609
88643
88651
88657
88661
88663
88667
88681
88721
88729
88741
88747
88771
88789
88793
88799
88801
88807
88811
88813
88817
88819
88843
88853
88861
88867
88873
88883
88897
88903
88919
88937
88951
88969
88993
88997
89003
89009
89017
89021
89041
89051
89057
89069
89071
89083
89087
89101
89107
89113
89119
89123
89137
89153
89189
89203
89209
89213
89227
89231
89237
89261
89269
89273
89293
89303
89317
89329
89363
89371
89381
89387
89393
89399
89413
89417
89431
89443
89449
89459
89477
89491
89501
89513
89519
89521
89527
89533
89561
89563
89567
89591
89597
89599
89603
89611
89627
89633
89653
89657
89659
89669
89671
89681
89689
89753
89759
89767
89779
89783
89797
89809
89819
89821
89833
89839
89849
89867
89891
89897
89899
89909
89917
89923
89939
89959
89963
89977
89983
89989
90001
90007
90011
90017
90019
90023
90031
90053
90059
90067
90071
90073
90089
90107
90121
90127
90149
90163
90173
90187
90191
90197
90199
90203
90217
90227
90239
90247
90263
90271
90281
90289
90313
90353
90359
90371
90373
90379
90397
90401
90403
90407
90437
90439
90469
90473
90481
90499
90511
90523
90527
90529
90533
90547
90583
90599
90617
90619
90631
90641
90647
90659
90677
90679
90697
90703
90709
90731
90749
90787
90793
90803
90821
90823
90833
90841
90847
90863
90887
90901
90907
90911
90917
90931
90947
90971
90977
90989
90997
91009
91019
91033
91079
91081
91097
91099
91121
91127
91129
91139
91141
91151
91153
91159
91163
91183
91193
91199
91229
91237
91243
91249
91253
91283
91291
91297
91303
91309
91331
91367
91369
91373
91381
91387
91393
91397
91411
91423
91433
91453
91457
91459
91463
91493
91499
91513
91529
91541
91571
91573
91577
91583
91591
91621
91631
91639
91673
91691
91703
91711
91733
91753
91757
91771
91781
91801
91807
91811
91813
91823
91837
91841
91867
91873
91909
91921
91939
91943
91951
91957
91961
91967
91969
91997
92003
92009
92033
92041
92051
92077
92083
92107
92111
92119
92143
92153
92173
92177
92179
92189
92203
92219
92221
92227
92233
92237
92243
92251
92269
92297
92311
92317
92333
92347
92353
92357
92363
92369
92377
92381
92383
92387
92399
92401
92413
92419
92431
92459
92461
92467
92479
92489
92503
92507
92551
92557
92567
92569
92581
92593
92623
92627
92639
92641
92647
92657
92669
92671
92681
92683
92693
92699
92707
92717
92723
92737
92753
92761
92767
92779
92789
92791
92801
92809
92821
92831
92849
92857
92861
92863
92867
92893
92899
92921
92927
92941
92951
92957
92959
92987
92993
93001
93047
93053
93059
93077
93083
93089
93097
93103
93113
93131
93133
93139
93151
93169
93179
93187
93199
93229
93239
93241
93251
93253
93257
93263
93281
93283
93287
93307
93319
93323
93329
93337
93371
93377
93383
93407
93419
93427
93463
93479
93481
93487
93491
93493
93497
93503
93523
93529
93553
93557
93559
93563
93581
93601
93607
93629
93637
93683
93701
93703
93719
93739
93761
93763
93787
93809
93811
93827
93851
93871
93887
93889
93893
93901
93911
93913
93923
93937
93941
93949
93967
93971
93979
93983
93997
94007
94009
94033
94049
94057
94063
94079
94099
94109
94111
94117
94121
94151
94153
94169
94201
94207
94219
94229
94253
94261
94273
94291
94307
94309
94321
94327
94331
94343
94349
94351
94379
94397
94399
94421
94427
94433
94439
94441
94447
94463
94477
94483
94513
94529
94531
94541
94543
94547
94559
94561
94573
94583
94597
94603
94613
94621
94649
94651
94687
94693
94709
94723
94727
94747
94771
94777
94781
94789
94793
94811
94819
94823
94837
94841
94847
94849
94873
94889
94903
94907
94933
94949
94951
94961
94993
94999
95003
95009
95021
95027
95063
95071
95083
95087
95089
95093
95101
95107
95111
95131
95143
95153
95177
95189
95191
95203
95213
95219
95231
95233
95239
95257
95261
95267
95273
95279
95287
95311
95317
95327
95339
95369
95383
95393
95401
95413
95419
95429
95441
95443
95461
95467
95471
95479
95483
95507
95527
95531
95539
95549
95561
95569
95581
95597
95603
95617
95621
95629
95633
95651
95701
95707
95713
95717
95723
95731
95737
95747
95773
95783
95789
95791
95801
95803
95813
95819
95857
95869
95873
95881
95891
95911
95917
95923
95929
95947
95957
95959
95971
95987
95989
96001
96013
96017
96043
96053
96059
96079
96097
96137
96149
96157
96167
96179
96181
96199
96211
96221
96223
96233
96259
96263
96269
96281
96289
96293
96323
96329
96331
96337
96353
96377
96401
96419
96431
96443
96451
96457
96461
96469
96479
96487
96493
96497
96517
96527
96553
96557
96581
96587
96589
96601
96643
96661
96667
96671
96697
96703
96731
96737
96739
96749
96757
96763
96769
96779
96787
96797
96799
96821
96823
96827
96847
96851
96857
96893
96907
96911
96931
96953
96959
96973
96979
96989
96997
97001
97003
97007
97021
97039
97073
97081
97103
97117
97127
97151
97157
97159
97169
97171
97177
97187
97213
97231
97241
97259
97283
97301
97303
97327
97367
97369
97373
97379
97381
97387
97397
97423
97429
97441
97453
97459
97463
97499
97501
97511
97523
97547
97549
97553
97561
97571
97577
97579
97583
97607
97609
97613
97649
97651
97673
97687
97711
97729
97771
97777
97787
97789
97813
97829
97841
97843
97847
97849
97859
97861
97871
97879
97883
97919
97927
97931
97943
97961
97967
97973
97987
98009
98011
98017
98041
98047
98057
98081
98101
98123
98129
98143
98179
98207
98213
98221
98227
98251
98257
98269
98297
98299
98317
98321
98323
98327
98347
98369
98377
98387
98389
98407
98411
98419
98429
98443
98453
98459
98467
98473
98479
98491
98507
98519
98533
98543
98561
98563
98573
98597
98621
98627
98639
98641
98663
98669
98689
98711
98713
98717
98729
98731
98737
98773
98779
98801
98807
98809
98837
98849
98867
98869
98873
98887
98893
98897
98899
98909
98911
98927
98929
98939
98947
98953
98963
98981
98993
98999
99013
99017
99023
99041
99053
99079
99083
99089
99103
99109
99119
99131
99133
99137
99139
99149
99173
99181
99191
99223
99233
99241
99251
99257
99259
99277
99289
99317
99347
99349
99367
99371
99377
99391
99397
99401
99409
99431
99439
99469
99487
99497
99523
99527
99529
99551
99559
99563
99571
99577
99581
99607
99611
99623
99643
99661
99667
99679
99689
99707
99709
99713
99719
99721
99733
99761
99767
99787
99793
99809
99817
99823
99829
99833
99839
99859
99871
99877
99881
99901
99907
99923
99929
99961
99971
99989
99991
99991
99991
99991
